City	postcode	appartment_price	maison_price	location_price
PARIS-01	75101	6803	null	18.8	
PARIS-02	75102	6138	6240	18.3	
PARIS-03	75103	6486	null	18.3	
PARIS-04	75104	7157	8809	18.5	
PARIS-05	75105	6734	8348	18	
PARIS-06	75106	7608	9441	18.8	
PARIS-07	75107	7550	7906	18.7	
PARIS-08	75108	6116	6210	17.5	
PARIS-09	75109	5602	9153	16.4	
PARIS-10	75110	5053	6422	16	
PARIS-11	75111	5274	5628	16.3	
PARIS-12	75112	4903	5254	15.3	
PARIS-13	75113	4853	5706	15.3	
PARIS-14	75114	5306	6795	15.8	
PARIS-15	75115	5360	6046	16	
PARIS-16	75116	5710	7358	16.5	
PARIS-17	75117	5448	6490	16.5	
PARIS-18	75118	4934	6349	15.3	
PARIS-19	75119	4311	5277	14.1	
PARIS-20	75120	4478	5226	14.6	
CRETEIL	2150	2649	9.6	94028	
VITRY-SUR-SEINE	2191	2356	9.8	94081	
CHAMPIGNY-SUR-MARNE	2239	1990	9.1	94017	
SAINT-MAUR-DES-FOSSES	2934	3341	11	94068	
IVRY-SUR-SEINE	2763	2521	11.4	94041	
VILLEJUIF	2694	2547	10.9	94076	
MAISONS-ALFORT	3278	3325	11.1	94046	
FONTENAY-SOUS-BOIS	3181	2993	11.5	94033	
VINCENNES	4690	5140	13.9	94080	
ALFORTVILLE	2527	2537	10.5	94002	
CHOISY-LE-ROI	2109	2147	9.9	94022	
LE-PERREUX-SUR-MARNE	2853	3235	10.6	94058	
VILLENEUVE-SAINT-GEORGES	1695	1370	8.7	94078	
NOGENT-SUR-MARNE	3532	4317	11.6	94052	
L-HAY-LES-ROSES	2411	2476	9.3	94038	
CHARENTON-LE-PONT	4508	5282	12.9	94018	
THIAIS	2152	2200	9.3	94073	
CACHAN	2713	2939	10.8	94016	
VILLIERS-SUR-MARNE	2203	2052	8.6	94079	
FRESNES	2142	2466	8.6	94034	
EVRY	3018	3384	17.5	91228	
CORBEIL-ESSONNES	3128	2964	17.4	91174	
MASSY	5399	4883	20.6	91377	
SAVIGNY-SUR-ORGE	4190	4060	18.3	91589	
SAINTE-GENEVIEVE-DES-BOIS	4081	3931	17.4	91549	
VIRY-CHATILLON	3995	3715	17.6	91687	
PALAISEAU	5187	4996	19.4	91477	
ATHIS-MONS	4244	3957	18.4	91027	
YERRES	4680	4099	18.4	91691	
DRAVEIL	3935	3952	17.8	91201	
VIGNEUX-SUR-SEINE	4045	3651	18.1	91657	
GRIGNY	2020	3112	16.8	91286	
RIS-ORANGIS	2862	3315	16.8	91521	
BRUNOY	4451	3964	18.3	91114	
LES-ULIS	3553	4002	15.7	91692	
BRETIGNY-SUR-ORGE	4200	3467	17.7	91103	
ETAMPES	3323	2727	15.6	91223	
MONTGERON	5307	3948	18.4	91421	
LONGJUMEAU	4042	4034	17.8	91345	
MORSANG-SUR-ORGE	3924	3743	17	91434	
BOULOGNE-BILLANCOURT	5148	5851	16	92012	
NANTERRE	3270	3639	12.3	92050	
COURBEVOIE	4177	4856	14.1	92026	
COLOMBES	3079	3661	11.7	92025	
ASNIERES-SUR-SEINE	3892	4820	13	92004	
RUEIL-MALMAISON	3682	4349	12.9	92063	
ISSY-LES-MOULINEAUX	4710	4958	14.9	92040	
LEVALLOIS-PERRET	5371	5480	16.7	92044	
ANTONY	3112	3431	11.6	92002	
NEUILLY-SUR-SEINE	6040	8307	17.9	92051	
CLICHY	3844	4147	13.9	92024	
CLAMART	3644	4168	12.2	92023	
MONTROUGE	4460	4952	14.4	92049	
SURESNES	4246	4804	13.9	92073	
MEUDON	3556	4768	13	92048	
PUTEAUX	4288	4809	14.1	92062	
GENNEVILLIERS	2397	2716	11.4	92036	
BAGNEUX	2834	3154	11.4	92007	
CHATILLON	3815	3910	12.3	92020	
CHATENAY-MALABRY	2649	3737	11.6	92019	
SAINT-DENIS	2074	1611	9.9	93066	
MONTREUIL	3334	2652	11.1	93048	
AULNAY-SOUS-BOIS	1780	1595	8.3	93005	
AUBERVILLIERS	1941	1761	10.5	93001	
DRANCY	1771	1639	9	93029	
NOISY-LE-GRAND	2099	2011	8.7	93051	
EPINAY-SUR-SEINE	1450	1608	8.4	93031	
PANTIN	2858	2670	11.1	93055	
BONDY	1615	1608	9.3	93010	
LE-BLANC-MESNIL	1639	1668	9	93007	
SEVRAN	1473	1462	8	93071	
SAINT-OUEN	2739	2757	11.5	93070	
BOBIGNY	1757	1623	9.1	93008	
LIVRY-GARGAN	1735	1630	8.6	93046	
ROSNY-SOUS-BOIS	2084	2127	9	93064	
NOISY-LE-SEC	1858	1892	9.1	93053	
GAGNY	1837	1636	8.5	93032	
LA-COURNEUVE	1761	1713	9.2	93027	
VILLEPINTE	1648	1446	8	93078	
STAINS	1502	1513	9.3	93072	
PARIS-01	75101	11034	null	30.5	
PARIS-02	75102	9956	10121	29.7	
PARIS-03	75103	10521	null	29.7	
PARIS-04	75104	11608	14289	30	
PARIS-05	75105	10923	13541	29.3	
PARIS-06	75106	12340	15313	30.4	
PARIS-07	75107	12246	12823	30.3	
PARIS-08	75108	9921	10072	28.3	
PARIS-09	75109	9086	14846	26.6	
PARIS-10	75110	8196	10417	26	
PARIS-11	75111	8555	9129	26.4	
PARIS-12	75112	7952	8522	24.8	
PARIS-13	75113	7872	9255	24.8	
PARIS-14	75114	8606	11021	25.6	
PARIS-15	75115	8694	9806	25.9	
PARIS-16	75116	9261	11935	26.8	
PARIS-17	75117	8836	10527	26.7	
PARIS-18	75118	8003	10298	24.9	
PARIS-19	75119	6993	8560	22.8	
PARIS-20	75120	7263	8476	23.6	
CRETEIL	3498	4310	15.7	94028	
VITRY-SUR-SEINE	3565	3834	16	94081	
CHAMPIGNY-SUR-MARNE	3644	3238	14.8	94017	
SAINT-MAUR-DES-FOSSES	4774	5436	17.8	94068	
IVRY-SUR-SEINE	4496	4103	18.6	94041	
VILLEJUIF	4384	4145	17.7	94076	
MAISONS-ALFORT	5334	5411	18	94046	
FONTENAY-SOUS-BOIS	5177	4870	18.7	94033	
VINCENNES	7631	8364	22.6	94080	
ALFORTVILLE	4112	4129	17.1	94002	
CHOISY-LE-ROI	3432	3493	16.2	94022	
LE-PERREUX-SUR-MARNE	4643	5264	17.3	94058	
VILLENEUVE-SAINT-GEORGES	2758	2229	14.1	94078	
NOGENT-SUR-MARNE	5748	7024	18.8	94052	
L-HAY-LES-ROSES	3923	4029	15.2	94038	
CHARENTON-LE-PONT	7335	8595	21	94018	
THIAIS	3501	3580	15.1	94073	
CACHAN	4414	4782	17.5	94016	
VILLIERS-SUR-MARNE	3584	3339	14	94079	
FRESNES	3485	4013	14.1	94034	
EVRY	2179	2443	12.6	91228	
CORBEIL-ESSONNES	2258	2140	12.6	91174	
MASSY	3898	3525	14.8	91377	
SAVIGNY-SUR-ORGE	3025	2931	13.2	91589	
SAINTE-GENEVIEVE-DES-BOIS	2946	2838	12.6	91549	
VIRY-CHATILLON	2884	2682	12.7	91687	
PALAISEAU	3745	3607	14	91477	
ATHIS-MONS	3064	2857	13.3	91027	
YERRES	3379	2959	13.3	91691	
DRAVEIL	2841	2853	12.8	91201	
VIGNEUX-SUR-SEINE	2920	2636	13.1	91657	
GRIGNY	1458	2247	12.1	91286	
RIS-ORANGIS	2066	2393	12.1	91521	
BRUNOY	3213	2862	13.2	91114	
LES-ULIS	2565	2889	11.3	91692	
BRETIGNY-SUR-ORGE	3032	2503	12.8	91103	
ETAMPES	2399	1969	11.2	91223	
MONTGERON	3831	2850	13.3	91421	
LONGJUMEAU	2918	2912	12.9	91345	
MORSANG-SUR-ORGE	2833	2702	12.3	91434	
BOULOGNE-BILLANCOURT	7543	8573	23.5	92012	
NANTERRE	4792	5332	18	92050	
COURBEVOIE	6120	7116	20.7	92026	
COLOMBES	4512	5365	17.2	92025	
ASNIERES-SUR-SEINE	5703	7062	19.1	92004	
RUEIL-MALMAISON	5395	6372	18.9	92063	
ISSY-LES-MOULINEAUX	6901	7265	21.8	92040	
LEVALLOIS-PERRET	7870	8030	24.5	92044	
ANTONY	4560	5027	16.9	92002	
NEUILLY-SUR-SEINE	8851	12172	26.2	92051	
CLICHY	5632	6077	20.4	92024	
CLAMART	5339	6108	17.8	92023	
MONTROUGE	6535	7256	21.1	92049	
SURESNES	6222	7040	20.3	92073	
MEUDON	5211	6987	19.1	92048	
PUTEAUX	6283	7047	20.6	92062	
GENNEVILLIERS	3512	3980	16.8	92036	
BAGNEUX	4153	4622	16.6	92007	
CHATILLON	5590	5729	18	92020	
CHATENAY-MALABRY	3882	5476	16.9	92019	
SAINT-DENIS	3411	2649	16.2	93066	
MONTREUIL	5484	4362	18.3	93048	
AULNAY-SOUS-BOIS	2928	2623	13.7	93005	
AUBERVILLIERS	3192	2896	17.2	93001	
DRANCY	2913	2695	14.9	93029	
NOISY-LE-GRAND	3452	3308	14.4	93051	
EPINAY-SUR-SEINE	2385	2645	13.8	93031	
PANTIN	4701	4392	18.3	93055	
BONDY	2656	2645	15.3	93010	
LE-BLANC-MESNIL	2695	2743	14.7	93007	
SEVRAN	2422	2404	13.1	93071	
SAINT-OUEN	4505	4535	18.8	93070	
BOBIGNY	2889	2669	14.9	93008	
LIVRY-GARGAN	2853	2681	14.2	93046	
ROSNY-SOUS-BOIS	3428	3498	14.7	93064	
NOISY-LE-SEC	3056	3112	15	93053	
GAGNY	3021	2691	14	93032	
LA-COURNEUVE	2896	2818	15.2	93027	
VILLEPINTE	2711	2379	13.2	93078	
STAINS	2470	2489	15.3	93072	
